GemsFDTD_109B	2969821	100000001	0.334717
GemsFDTD_712B	3095076	100000003	0.317132
GemsFDTD_716B	1428641	100000001	0.400682
astar_163B	104097	100000000	0.495961
astar_23B	233218	100000000	0.316736
astar_313B	4004105	100000001	0.116654
bzip2_183B	134275	100000003	0.744774
bzip2_259B	295353	100000002	0.799406
bzip2_281B	236437	100000000	0.817881
cactusADM_1039B	895729	100000003	0.396365
cactusADM_1495B	856880	100000003	0.407803
cactusADM_734B	894439	100000000	0.390344
calculix_2655B	113701	100000003	1.59504
calculix_2670B	1887	100000001	2.07426
calculix_3812B	82997	100000003	1.475
gcc_13B	1459853	100000001	0.229598
gcc_39B	24571	100000001	0.723639
gcc_56B	54008	100000003	0.733295
lbm_1004B	3225243	100000001	0.509711
lbm_564B	3373998	100000003	0.493596
lbm_94B	3053731	100000000	0.526451
leslie3d_1116B	2572670	100000002	0.476073
leslie3d_1186B	2108513	100000000	0.482811
leslie3d_94B	2599838	100000000	0.459785
libquantum_1210B	3006797	100000003	0.333528
libquantum_1735B	2789421	100000001	0.370933
libquantum_964B	3390405	100000001	0.428219
mcf_158B	7542131	100000002	0.0787944
mcf_250B	8809189	100000000	0.0705668
mcf_46B	6992763	100000001	0.100438
milc_360B	2095931	100000003	0.435836
milc_409B	1817507	100000003	0.429053
milc_744B	1744499	100000003	0.509538
omnetpp_17B	996738	100000003	0.425099
omnetpp_340B	1690008	100000000	0.234695
omnetpp_4B	672131	100000001	0.354817
perlbench_105B	19880	100000000	0.409449
perlbench_135B	23310	100000003	0.395763
perlbench_53B	21593	100000000	0.39433
soplex_205B	3374431	100000003	0.264043
soplex_217B	3389689	100000000	0.265136
soplex_66B	2733406	100000003	0.298451
sphinx3_1339B	1071150	100000002	0.578831
sphinx3_2520B	847824	100000002	0.692734
sphinx3_883B	1277388	100000000	0.500711
wrf_1212B	77882	100000000	0.553368
wrf_1228B	1016672	100000000	0.566832
wrf_1650B	784909	100000003	0.433761
zeusmp_100B	498962	100000003	1.14101
zeusmp_300B	263567	100000002	1.08506
zeusmp_600B	315896	100000001	1.02334
