GemsFDTD_109B	4473226	100000001	0.605553
GemsFDTD_712B	5123738	100000000	0.585745
GemsFDTD_716B	2638422	100000000	0.448691
astar_163B	276793	100000001	0.495017
astar_23B	508654	100000000	0.338423
astar_313B	5748523	100000001	0.144858
bzip2_183B	172898	100000003	0.767801
bzip2_259B	404909	100000002	0.910503
bzip2_281B	311192	100000000	0.888011
cactusADM_1039B	1031589	100000003	0.468205
cactusADM_1495B	980826	100000003	0.482313
cactusADM_734B	1038596	100000000	0.458421
calculix_2655B	458619	100000000	1.88086
calculix_2670B	2145	100000001	2.07905
calculix_3812B	295479	100000000	1.74351
gcc_13B	2266361	100000001	0.265883
gcc_39B	41332	100000001	0.724934
gcc_56B	140038	100000003	0.737166
lbm_1004B	4450986	100000001	0.688098
lbm_564B	4636752	100000003	0.665479
lbm_94B	4075520	100000000	0.716712
leslie3d_1116B	3117989	100000002	0.721834
leslie3d_1186B	3065651	100000000	0.684642
leslie3d_94B	4141930	100000000	0.619308
libquantum_1210B	3876740	100000001	0.501381
libquantum_1735B	3663837	100000000	0.537381
libquantum_964B	4726553	100000003	0.572209
mcf_158B	12414924	100000002	0.103654
mcf_250B	15551403	100000000	0.109677
mcf_46B	11217278	100000001	0.12111
milc_360B	3479833	100000003	0.561746
milc_409B	3298548	100000003	0.582226
milc_744B	2870845	100000003	0.682734
omnetpp_17B	1727765	100000003	0.462277
omnetpp_340B	3211194	100000000	0.253086
omnetpp_4B	2245942	100000001	0.376412
perlbench_105B	33866	100000000	0.409882
perlbench_135B	98513	100000003	0.398595
perlbench_53B	69285	100000000	0.397002
soplex_205B	5006071	100000003	0.349977
soplex_217B	4726650	100000000	0.363685
soplex_66B	3714751	100000003	0.400854
sphinx3_1339B	716987	100000000	1.08769
sphinx3_2520B	449883	100000003	1.30284
sphinx3_883B	1117521	100000000	0.902782
wrf_1212B	115332	100000002	0.564782
wrf_1228B	1252804	100000000	0.778132
wrf_1650B	1050656	100000000	0.683993
zeusmp_100B	789758	100000003	1.41592
zeusmp_300B	386606	100000002	1.33908
zeusmp_600B	377404	100000001	1.29535
