GemsFDTD_109B	4528066	100000001	0.603308
GemsFDTD_712B	5140363	100000003	0.584076
GemsFDTD_716B	2901666	100000000	0.439043
astar_163B	265404	100000001	0.498414
astar_23B	482977	100000000	0.338747
astar_313B	5752201	100000001	0.144803
bzip2_183B	174354	100000003	0.767813
bzip2_259B	431764	100000002	0.905644
bzip2_281B	291327	100000000	0.889807
cactusADM_1039B	1020187	100000003	0.468165
cactusADM_1495B	964553	100000003	0.482282
cactusADM_734B	1004554	100000000	0.458496
calculix_2655B	428571	100000000	1.89894
calculix_2670B	2145	100000001	2.07905
calculix_3812B	221915	100000000	1.77603
gcc_13B	2310019	100000001	0.264781
gcc_39B	41246	100000001	0.72495
gcc_56B	146103	100000003	0.736383
lbm_1004B	4709065	100000001	0.676516
lbm_564B	4830013	100000003	0.659591
lbm_94B	4412844	100000000	0.700832
leslie3d_1116B	3182932	100000002	0.719086
leslie3d_1186B	3069292	100000000	0.685527
leslie3d_94B	4122893	100000000	0.619719
libquantum_1210B	3866336	100000001	0.500906
libquantum_1735B	3696517	100000000	0.535873
libquantum_964B	4726579	100000003	0.572327
mcf_158B	12422121	100000002	0.104369
mcf_250B	15574959	100000000	0.109755
mcf_46B	11158392	100000001	0.122311
milc_360B	3478983	100000003	0.561756
milc_409B	3297208	100000003	0.582285
milc_744B	2868429	100000003	0.682898
omnetpp_17B	1738596	100000003	0.459548
omnetpp_340B	3195209	100000000	0.252977
omnetpp_4B	2228607	100000001	0.376836
perlbench_105B	42653	100000000	0.408512
perlbench_135B	110473	100000003	0.398236
perlbench_53B	97473	100000000	0.39589
soplex_205B	5060113	100000003	0.352815
soplex_217B	4641629	100000000	0.366842
soplex_66B	3781270	100000003	0.398157
sphinx3_1339B	768749	100000000	1.07697
sphinx3_2520B	624622	100000003	1.24811
sphinx3_883B	1134009	100000000	0.893669
wrf_1212B	119035	100000002	0.564567
wrf_1228B	1227552	100000000	0.783493
wrf_1650B	1062652	100000000	0.683299
zeusmp_100B	790996	100000003	1.4116
zeusmp_300B	382628	100000002	1.33977
zeusmp_600B	376990	100000001	1.29594
