GemsFDTD_109B	4814670	100000001	0.592885
GemsFDTD_712B	5145103	100000003	0.583024
GemsFDTD_716B	12977418	100000000	0.214621
astar_163B	479147	100000001	0.484027
astar_23B	5225384	100000000	0.190042
astar_313B	8773828	100000001	0.12406
bzip2_183B	1577800	100000003	0.596514
bzip2_259B	1373471	100000002	0.758415
bzip2_281B	2350354	100000000	0.577974
cactusADM_1039B	1175441	100000003	0.467486
cactusADM_1495B	1113569	100000003	0.481654
cactusADM_734B	1167675	100000000	0.457965
calculix_2655B	865125	100000000	1.59376
calculix_2670B	2155	100000001	2.07905
calculix_3812B	1161464	100000000	1.39245
gcc_13B	2544036	100000001	0.258998
gcc_39B	42516	100000001	0.724775
gcc_56B	21346108	100000003	0.25827
lbm_1004B	5807858	100000001	0.599519
lbm_564B	6084483	100000003	0.578723
lbm_94B	5505613	100000000	0.620721
leslie3d_1116B	3583951	100000002	0.689458
leslie3d_1186B	3759419	100000000	0.650828
leslie3d_94B	4611907	100000000	0.596571
libquantum_1210B	4047262	100000001	0.479836
libquantum_1735B	3801551	100000000	0.515834
libquantum_964B	4917133	100000003	0.550116
mcf_158B	21082732	100000002	0.0683389
mcf_250B	26994257	100000000	0.0595158
mcf_46B	18787132	100000001	0.0897709
milc_360B	3481391	100000003	0.55672
milc_409B	3300884	100000003	0.578755
milc_744B	2872436	100000003	0.678268
omnetpp_17B	3289944	100000003	0.415518
omnetpp_340B	4309249	100000000	0.22969
omnetpp_4B	4680448	100000001	0.326579
perlbench_105B	156508	100000000	0.39849
perlbench_135B	635044	100000003	0.353029
perlbench_53B	656573	100000000	0.34954
soplex_205B	8798801	100000003	0.282228
soplex_217B	8793244	100000000	0.289239
soplex_66B	6644366	100000003	0.32646
sphinx3_1339B	1573550	100000002	0.860082
sphinx3_2520B	1445700	100000003	1.01159
sphinx3_883B	1795133	100000000	0.730971
wrf_1212B	134923	100000002	0.563847
wrf_1228B	1495342	100000000	0.751297
wrf_1650B	1083035	100000000	0.679724
zeusmp_100B	838160	100000003	1.38791
zeusmp_300B	631629	100000002	1.32335
zeusmp_600B	382571	100000001	1.29124
