GemsFDTD_109B	4517206	100000001	0.603706
GemsFDTD_712B	5143609	100000003	0.584057
GemsFDTD_716B	4385595	100000000	0.380197
astar_163B	287398	100000001	0.493107
astar_23B	551643	100000000	0.337824
astar_313B	5719286	100000001	0.145393
bzip2_183B	179010	100000003	0.767822
bzip2_259B	434030	100000002	0.908968
bzip2_281B	332901	100000000	0.887122
cactusADM_1039B	1013092	100000003	0.468188
cactusADM_1495B	964230	100000003	0.482293
cactusADM_734B	1028249	100000000	0.45847
calculix_2655B	488153	100000000	1.84735
calculix_2670B	2145	100000001	2.07905
calculix_3812B	249431	100000000	1.75915
gcc_13B	2287814	100000001	0.265165
gcc_39B	41254	100000001	0.724959
gcc_56B	139961	100000003	0.73679
lbm_1004B	4439515	100000001	0.686383
lbm_564B	4786554	100000003	0.660792
lbm_94B	4064939	100000000	0.715655
leslie3d_1116B	3137518	100000001	0.721627
leslie3d_1186B	3072028	100000000	0.68442
leslie3d_94B	4143812	100000000	0.619504
libquantum_1210B	3876567	100000001	0.501252
libquantum_1735B	3706531	100000000	0.535555
libquantum_964B	4730690	100000001	0.571975
mcf_158B	12419490	100000002	0.104164
mcf_250B	15580351	100000000	0.109713
mcf_46B	11162379	100000001	0.121808
milc_360B	3479324	100000003	0.561776
milc_409B	3298273	100000003	0.58223
milc_744B	2869629	100000003	0.683028
omnetpp_17B	1723723	100000003	0.46259
omnetpp_340B	3214261	100000000	0.253392
omnetpp_4B	2216724	100000001	0.377249
perlbench_105B	38190	100000000	0.409332
perlbench_135B	116226	100000003	0.398124
perlbench_53B	98018	100000000	0.396422
soplex_205B	5068202	100000003	0.353059
soplex_217B	4739152	100000000	0.365985
soplex_66B	3765864	100000003	0.399385
sphinx3_1339B	729627	100000000	1.08365
sphinx3_2520B	627079	100000003	1.24918
sphinx3_883B	1106150	100000000	0.898733
wrf_1212B	122991	100000002	0.564282
wrf_1228B	1212490	100000000	0.783148
wrf_1650B	1060322	100000000	0.683123
zeusmp_100B	799250	100000003	1.40802
zeusmp_300B	385885	100000002	1.33884
zeusmp_600B	377835	100000001	1.29551
