GemsFDTD_109B	4508704	100000001	0.604347
GemsFDTD_712B	5143609	100000003	0.584057
GemsFDTD_716B	3045396	100000000	0.434491
astar_163B	272290	100000001	0.494833
astar_23B	375970	100000000	0.339924
astar_313B	5738739	100000001	0.144467
bzip2_183B	169674	100000003	0.768166
bzip2_259B	412974	100000002	0.909019
bzip2_281B	317991	100000000	0.889303
cactusADM_1039B	1010213	100000003	0.46818
cactusADM_1495B	962469	100000003	0.482313
cactusADM_734B	1025339	100000000	0.458459
calculix_2655B	433422	100000000	1.90156
calculix_2670B	2145	100000001	2.07905
calculix_3812B	235416	100000000	1.76903
gcc_13B	2281630	100000001	0.265159
gcc_39B	41267	100000001	0.724957
gcc_56B	143957	100000003	0.736787
lbm_1004B	4429079	100000001	0.686552
lbm_564B	4706737	100000003	0.663116
lbm_94B	4107778	100000000	0.711359
leslie3d_1116B	3135625	100000002	0.721673
leslie3d_1186B	3053476	100000000	0.685302
leslie3d_94B	4133210	100000000	0.620064
libquantum_1210B	3865340	100000001	0.501896
libquantum_1735B	3701541	100000000	0.535734
libquantum_964B	4718706	100000003	0.571637
mcf_158B	12411405	100000002	0.10427
mcf_250B	15562492	100000000	0.109741
mcf_46B	11175654	100000001	0.122052
milc_360B	3479319	100000003	0.561779
milc_409B	3298273	100000003	0.58223
milc_744B	2869629	100000003	0.683028
omnetpp_17B	1717976	100000003	0.46304
omnetpp_340B	3163101	100000000	0.254053
omnetpp_4B	2227853	100000001	0.377026
perlbench_105B	36911	100000000	0.409517
perlbench_135B	108152	100000003	0.398329
perlbench_53B	68688	100000000	0.39731
soplex_205B	5012624	100000003	0.351897
soplex_217B	4634588	100000000	0.365618
soplex_66B	3690858	100000003	0.401728
sphinx3_1339B	712818	100000000	1.09264
sphinx3_2520B	623343	100000003	1.25479
sphinx3_883B	1104218	100000000	0.899781
wrf_1212B	119074	100000002	0.564573
wrf_1228B	1229001	100000000	0.78161
wrf_1650B	1060033	100000000	0.683155
zeusmp_100B	795821	100000003	1.41013
zeusmp_300B	382149	100000002	1.33942
zeusmp_600B	377765	100000001	1.29556
