GemsFDTD_109B	4507148	100000001	0.604051
GemsFDTD_712B	5143609	100000003	0.584057
GemsFDTD_716B	2635838	100000000	0.447889
astar_163B	271644	100000001	0.495092
astar_23B	397662	100000000	0.339663
astar_313B	5723769	100000001	0.144553
bzip2_183B	169730	100000003	0.767914
bzip2_259B	433982	100000002	0.906933
bzip2_281B	297899	100000000	0.888982
cactusADM_1039B	1011436	100000003	0.468205
cactusADM_1495B	965328	100000003	0.48229
cactusADM_734B	1025102	100000000	0.458464
calculix_2655B	429114	100000000	1.90633
calculix_2670B	2145	100000001	2.07905
calculix_3812B	205760	100000000	1.78225
gcc_13B	2281264	100000001	0.265146
gcc_39B	41267	100000001	0.724957
gcc_56B	148267	100000003	0.736521
lbm_1004B	4425044	100000001	0.685775
lbm_564B	4688029	100000003	0.663876
lbm_94B	4103939	100000000	0.713659
leslie3d_1116B	3146731	100000001	0.720847
leslie3d_1186B	3053005	100000000	0.685392
leslie3d_94B	4123650	100000000	0.620813
libquantum_1210B	3866421	100000001	0.501494
libquantum_1735B	3690745	100000000	0.536144
libquantum_964B	4719398	100000003	0.572015
mcf_158B	12432452	100000002	0.104204
mcf_250B	15621727	100000000	0.109577
mcf_46B	11172544	100000001	0.122067
milc_360B	3479319	100000003	0.561779
milc_409B	3298273	100000003	0.58223
milc_744B	2869629	100000003	0.683028
omnetpp_17B	1718886	100000003	0.463038
omnetpp_340B	3174146	100000000	0.253349
omnetpp_4B	2223923	100000001	0.377212
perlbench_105B	37300	100000000	0.409459
perlbench_135B	97112	100000003	0.39829
perlbench_53B	67594	100000000	0.397247
soplex_205B	4977149	100000003	0.352859
soplex_217B	4625058	100000000	0.365493
soplex_66B	3717170	100000003	0.400423
sphinx3_1339B	714116	100000000	1.09155
sphinx3_2520B	582357	100000003	1.25174
sphinx3_883B	1104175	100000000	0.900645
wrf_1212B	119325	100000002	0.56456
wrf_1228B	1230460	100000000	0.781877
wrf_1650B	1060135	100000000	0.683142
zeusmp_100B	793185	100000003	1.41199
zeusmp_300B	380421	100000002	1.33995
zeusmp_600B	377574	100000001	1.29539
