GemsFDTD_109B	4547370	100000001	0.604673
GemsFDTD_712B	5143692	100000003	0.584012
GemsFDTD_716B	3132579	100000000	0.429312
astar_163B	277064	100000001	0.494282
astar_23B	485220	100000000	0.338626
astar_313B	5722508	100000001	0.144772
bzip2_183B	177225	100000003	0.76765
bzip2_259B	438040	100000002	0.907641
bzip2_281B	333546	100000000	0.886084
cactusADM_1039B	1033468	100000003	0.468113
cactusADM_1495B	977500	100000003	0.482253
cactusADM_734B	1035217	100000000	0.458454
calculix_2655B	471088	100000000	1.86725
calculix_2670B	2145	100000001	2.07905
calculix_3812B	248900	100000000	1.76611
gcc_13B	2294084	100000001	0.264785
gcc_39B	41267	100000001	0.724957
gcc_56B	144746	100000003	0.736985
lbm_1004B	4439878	100000001	0.686045
lbm_564B	4790814	100000003	0.66004
lbm_94B	4093008	100000000	0.716626
leslie3d_1116B	3219313	100000002	0.717543
leslie3d_1186B	3052816	100000000	0.685314
leslie3d_94B	4150304	100000000	0.619196
libquantum_1210B	3863542	100000001	0.502424
libquantum_1735B	3679011	100000000	0.535942
libquantum_964B	4740004	100000003	0.573217
mcf_158B	12401665	100000002	0.104292
mcf_250B	15581165	100000000	0.109728
mcf_46B	11167307	100000001	0.121794
milc_360B	3479321	100000003	0.561777
milc_409B	3298273	100000003	0.58223
milc_744B	2869629	100000003	0.683028
omnetpp_17B	1707581	100000003	0.462893
omnetpp_340B	3183605	100000000	0.253375
omnetpp_4B	2267100	100000001	0.374643
perlbench_105B	37743	100000000	0.40941
perlbench_135B	113486	100000003	0.398285
perlbench_53B	75056	100000000	0.397081
soplex_205B	5017775	100000003	0.352693
soplex_217B	4658204	100000000	0.365697
soplex_66B	3785155	100000003	0.399033
sphinx3_1339B	717299	100000000	1.08759
sphinx3_2520B	621797	100000003	1.2528
sphinx3_883B	1108927	100000000	0.898562
wrf_1212B	122781	100000002	0.564247
wrf_1228B	1234411	100000000	0.779833
wrf_1650B	1060306	100000000	0.683127
zeusmp_100B	794619	100000003	1.41066
zeusmp_300B	381287	100000002	1.33969
zeusmp_600B	377591	100000001	1.29556
