GemsFDTD_109B	4516660	100000001	0.604048
GemsFDTD_712B	5143609	100000003	0.584057
GemsFDTD_716B	3071390	100000000	0.433443
astar_163B	276099	100000001	0.494385
astar_23B	395134	100000000	0.339681
astar_313B	5731171	100000001	0.144629
bzip2_183B	170877	100000003	0.768248
bzip2_259B	419785	100000002	0.907777
bzip2_281B	301759	100000000	0.888832
cactusADM_1039B	1008699	100000003	0.468187
cactusADM_1495B	965008	100000003	0.482294
cactusADM_734B	1026056	100000000	0.458467
calculix_2655B	446828	100000000	1.88918
calculix_2670B	2145	100000001	2.07905
calculix_3812B	240810	100000000	1.7672
gcc_13B	2282193	100000001	0.265071
gcc_39B	41267	100000001	0.724957
gcc_56B	144714	100000003	0.736828
lbm_1004B	4441576	100000001	0.685928
lbm_564B	4705550	100000003	0.663074
lbm_94B	4097513	100000000	0.714161
leslie3d_1116B	3147571	100000002	0.721036
leslie3d_1186B	3054050	100000000	0.685335
leslie3d_94B	4132272	100000000	0.620037
libquantum_1210B	3868283	100000001	0.501399
libquantum_1735B	3693542	100000000	0.536042
libquantum_964B	4722298	100000003	0.571984
mcf_158B	12410973	100000002	0.104289
mcf_250B	15570962	100000000	0.109752
mcf_46B	11177170	100000001	0.121854
milc_360B	3479319	100000003	0.561779
milc_409B	3298273	100000003	0.58223
milc_744B	2869629	100000003	0.683028
omnetpp_17B	1718783	100000003	0.462929
omnetpp_340B	3176841	100000000	0.253856
omnetpp_4B	2222649	100000001	0.377216
perlbench_105B	37302	100000000	0.409459
perlbench_135B	111601	100000003	0.398307
perlbench_53B	79723	100000000	0.397071
soplex_205B	4957395	100000003	0.353223
soplex_217B	4647677	100000000	0.365563
soplex_66B	3710507	100000003	0.401143
sphinx3_1339B	712885	100000000	1.09265
sphinx3_2520B	605432	100000003	1.25265
sphinx3_883B	1104758	100000000	0.899219
wrf_1212B	119241	100000002	0.564555
wrf_1228B	1225113	100000000	0.781365
wrf_1650B	1060135	100000000	0.683142
zeusmp_100B	794830	100000003	1.41006
zeusmp_300B	382304	100000002	1.3395
zeusmp_600B	377574	100000001	1.29539
