GemsFDTD_109B	4602911	100000001	0.602033
GemsFDTD_712B	5143927	100000003	0.583998
GemsFDTD_716B	11281773	100000000	0.220925
astar_163B	367770	100000001	0.490507
astar_23B	3047238	100000000	0.218439
astar_313B	5977425	100000001	0.144369
bzip2_183B	397501	100000003	0.723837
bzip2_259B	874256	100000002	0.810565
bzip2_281B	605828	100000000	0.805513
cactusADM_1039B	1029852	100000003	0.468275
cactusADM_1495B	982172	100000003	0.482358
cactusADM_734B	1035743	100000000	0.458526
calculix_2655B	686431	100000000	1.67872
calculix_2670B	2145	100000001	2.07905
calculix_3812B	314509	100000000	1.70001
gcc_13B	2371344	100000001	0.262307
gcc_39B	41317	100000001	0.724926
gcc_56B	130651	100000003	0.734324
lbm_1004B	5557045	100000001	0.639822
lbm_564B	5804162	100000003	0.61804
lbm_94B	5263596	100000000	0.661793
leslie3d_1116B	3264373	100000002	0.715847
leslie3d_1186B	3129791	100000000	0.682269
leslie3d_94B	4203897	100000000	0.617019
libquantum_1210B	3945801	100000001	0.499276
libquantum_1735B	3767703	100000000	0.532882
libquantum_964B	4824874	100000001	0.569519
mcf_158B	14583540	100000002	0.0847232
mcf_250B	18960407	100000000	0.0773827
mcf_46B	11746239	100000001	0.11559
milc_360B	3479274	100000003	0.561791
milc_409B	3298273	100000003	0.58221
milc_744B	2869844	100000003	0.683047
omnetpp_17B	2768192	100000003	0.421321
omnetpp_340B	3456927	100000000	0.248664
omnetpp_4B	3634379	100000001	0.340568
perlbench_105B	82165	100000000	0.401699
perlbench_135B	247706	100000003	0.377062
perlbench_53B	271708	100000000	0.370763
soplex_205B	5388356	100000003	0.345312
soplex_217B	5335752	100000000	0.357671
soplex_66B	4108450	100000003	0.39164
sphinx3_1339B	909859	100000002	1.0104
sphinx3_2520B	777250	100000003	1.20035
sphinx3_883B	1278166	100000000	0.829984
wrf_1212B	124124	100000002	0.564253
wrf_1228B	1244754	100000000	0.781125
wrf_1650B	1063029	100000000	0.683344
zeusmp_100B	822266	100000003	1.38415
zeusmp_300B	399753	100000002	1.33676
zeusmp_600B	378442	100000001	1.2964
