GemsFDTD_109B	4490823	100000001	0.604791
GemsFDTD_712B	5143461	100000003	0.584028
GemsFDTD_716B	2893595	100000000	0.437983
astar_163B	278152	100000001	0.494791
astar_23B	493873	100000000	0.33862
astar_313B	5730266	100000001	0.14504
bzip2_183B	171556	100000003	0.768415
bzip2_259B	395098	100000002	0.909061
bzip2_281B	321541	100000000	0.887921
cactusADM_1039B	1008420	100000003	0.468257
cactusADM_1495B	963428	100000003	0.482365
cactusADM_734B	1023215	100000000	0.458444
calculix_2655B	450957	100000000	1.88809
calculix_2670B	2145	100000001	2.07905
calculix_3812B	214970	100000000	1.78292
gcc_13B	2268632	100000001	0.265556
gcc_39B	41247	100000001	0.724942
gcc_56B	137343	100000003	0.737021
lbm_1004B	4391638	100000001	0.687507
lbm_564B	4667191	100000003	0.664175
lbm_94B	4095046	100000000	0.715902
leslie3d_1116B	3117346	100000002	0.721605
leslie3d_1186B	3059155	100000000	0.68506
leslie3d_94B	4121132	100000000	0.619804
libquantum_1210B	3869802	100000001	0.501387
libquantum_1735B	3677545	100000000	0.536653
libquantum_964B	4717731	100000003	0.57281
mcf_158B	12408418	100000002	0.104124
mcf_250B	15556018	100000000	0.109726
mcf_46B	11173163	100000001	0.121961
milc_360B	3479788	100000003	0.561757
milc_409B	3298286	100000003	0.582229
milc_744B	2870124	100000003	0.682875
omnetpp_17B	1727679	100000003	0.462752
omnetpp_340B	3195497	100000000	0.253575
omnetpp_4B	2216890	100000001	0.376994
perlbench_105B	35564	100000000	0.409675
perlbench_135B	103441	100000003	0.398567
perlbench_53B	69134	100000000	0.396969
soplex_205B	4957901	100000003	0.351861
soplex_217B	4623299	100000000	0.365202
soplex_66B	3711972	100000003	0.402386
sphinx3_1339B	707594	100000000	1.09422
sphinx3_2520B	553552	100000003	1.25824
sphinx3_883B	1116550	100000000	0.900433
wrf_1212B	116171	100000002	0.564712
wrf_1228B	1180903	100000000	0.782607
wrf_1650B	1053462	100000000	0.683662
zeusmp_100B	791015	100000003	1.41376
zeusmp_300B	385215	100000002	1.33915
zeusmp_600B	377523	100000001	1.29568
