GemsFDTD_109B	4229588	100000001	0.336337
GemsFDTD_712B	4528716	100000003	0.316241
GemsFDTD_716B	1718287	100000001	0.364226
astar_163B	216560	100000000	0.49148
astar_23B	250404	100000000	0.316187
astar_313B	4386529	100000001	0.128648
bzip2_183B	142007	100000003	0.746283
bzip2_259B	376142	100000002	0.792931
bzip2_281B	251036	100000000	0.822625
cactusADM_1039B	1164265	100000003	0.39621
cactusADM_1495B	1103259	100000003	0.407747
cactusADM_734B	1160802	100000000	0.390289
calculix_2655B	157620	100000003	1.52801
calculix_2670B	1896	100000001	2.07426
calculix_3812B	105070	100000003	1.45992
gcc_13B	1890483	100000001	0.233676
gcc_39B	32182	100000001	0.723079
gcc_56B	66548	100000003	0.732886
lbm_1004B	4966993	100000001	0.569323
lbm_564B	4695946	100000003	0.580701
lbm_94B	4592018	100000000	0.592476
leslie3d_1116B	2994897	100000002	0.495893
leslie3d_1186B	2409462	100000000	0.49714
leslie3d_94B	3525479	100000000	0.462045
libquantum_1210B	4043967	100000003	0.348971
libquantum_1735B	3798696	100000001	0.389022
libquantum_964B	4693919	100000001	0.459076
mcf_158B	6238746	100000002	0.0923856
mcf_250B	6786443	100000000	0.0847149
mcf_46B	6064866	100000001	0.116159
milc_360B	2838227	100000003	0.441211
milc_409B	2673289	100000003	0.433514
milc_744B	2445570	100000003	0.518008
omnetpp_17B	721205	100000003	0.440251
omnetpp_340B	2116803	100000000	0.23505
omnetpp_4B	223014	100000001	0.370388
perlbench_105B	36880	100000000	0.407975
perlbench_135B	24052	100000003	0.395805
perlbench_53B	21024	100000000	0.394429
soplex_205B	3630009	100000003	0.278874
soplex_217B	3213783	100000000	0.286331
soplex_66B	2803683	100000003	0.318388
sphinx3_1339B	455704	100000002	0.758529
sphinx3_2520B	300557	100000002	0.945085
sphinx3_883B	762942	100000000	0.612345
wrf_1212B	117852	100000000	0.552501
wrf_1228B	1251395	100000000	0.596308
wrf_1650B	1048024	100000003	0.425058
zeusmp_100B	678951	100000003	1.1342
zeusmp_300B	340632	100000002	1.0837
zeusmp_600B	376561	100000001	1.03009
