GemsFDTD_109B	4814912	100000000	0.592984
GemsFDTD_712B	5145112	100000003	0.583055
GemsFDTD_716B	12977418	100000000	0.214621
astar_163B	479148	100000001	0.484053
astar_23B	5225385	100000000	0.190053
astar_313B	8773720	100000001	0.124064
bzip2_183B	1577918	100000003	0.596479
bzip2_259B	1373472	100000002	0.758438
bzip2_281B	2350139	100000000	0.577987
cactusADM_1039B	1175319	100000003	0.467483
cactusADM_1495B	1113919	100000003	0.48165
cactusADM_734B	1167720	100000000	0.457951
calculix_2655B	865122	100000000	1.59373
calculix_2670B	2155	100000001	2.07905
calculix_3812B	1161484	100000000	1.39229
gcc_13B	2544062	100000001	0.259016
gcc_39B	42516	100000001	0.724762
gcc_56B	21346108	100000003	0.258366
lbm_1004B	5807758	100000001	0.599807
lbm_564B	6084601	100000003	0.578751
lbm_94B	5505788	100000000	0.620903
leslie3d_1116B	3583910	100000002	0.689664
leslie3d_1186B	3759323	100000000	0.650907
leslie3d_94B	4611375	100000000	0.596571
libquantum_1210B	4047262	100000001	0.479893
libquantum_1735B	3801551	100000000	0.515895
libquantum_964B	4917133	100000003	0.550099
mcf_158B	21082742	100000002	0.0683398
mcf_250B	26994260	100000000	0.0595161
mcf_46B	18787161	100000001	0.0897709
milc_360B	3481389	100000003	0.556734
milc_409B	3300884	100000003	0.578779
milc_744B	2872436	100000003	0.678255
omnetpp_17B	3289948	100000003	0.415511
omnetpp_340B	4309264	100000000	0.229692
omnetpp_4B	4680434	100000001	0.326574
perlbench_105B	156509	100000000	0.398495
perlbench_135B	635047	100000003	0.353034
perlbench_53B	656571	100000000	0.349544
soplex_205B	8799668	100000003	0.282263
soplex_217B	8793195	100000000	0.289252
soplex_66B	6644179	100000003	0.326527
sphinx3_1339B	1573542	100000002	0.860144
sphinx3_2520B	1445701	100000003	1.01172
sphinx3_883B	1795138	100000000	0.730866
wrf_1212B	134764	100000002	0.56386
wrf_1228B	1495357	100000000	0.751366
wrf_1650B	1083133	100000000	0.679774
zeusmp_100B	838158	100000003	1.38822
zeusmp_300B	631583	100000002	1.32324
zeusmp_600B	382567	100000001	1.29111
