GemsFDTD_109B	4277798	100000001	0.608745
GemsFDTD_712B	4896281	100000003	0.605934
GemsFDTD_716B	2387717	100000000	0.44133
astar_163B	296935	100000001	0.496098
astar_23B	336570	100000000	0.339152
astar_313B	5959486	100000001	0.140054
bzip2_183B	148350	100000003	0.770815
bzip2_259B	308416	100000002	0.915877
bzip2_281B	293207	100000000	0.90123
cactusADM_1039B	828420	100000003	0.470103
cactusADM_1495B	772964	100000003	0.484504
cactusADM_734B	834165	100000000	0.459988
calculix_2655B	364987	100000000	1.89818
calculix_2670B	2130	100000001	2.07905
calculix_3812B	235366	100000000	1.76421
gcc_13B	2206029	100000001	0.264126
gcc_39B	35444	100000001	0.725208
gcc_56B	73905	100000003	0.742101
lbm_1004B	4928956	100000001	0.628357
lbm_564B	5128499	100000003	0.610791
lbm_94B	4738762	100000000	0.650315
leslie3d_1116B	2923120	100000002	0.721689
leslie3d_1186B	2760857	100000000	0.696995
leslie3d_94B	3751935	100000000	0.628387
libquantum_1210B	3815136	100000001	0.483331
libquantum_1735B	3671575	100000000	0.52017
libquantum_964B	4639758	100000003	0.5574
mcf_158B	12017951	100000002	0.106549
mcf_250B	13935690	100000000	0.118502
mcf_46B	10881233	100000001	0.120729
milc_360B	3419710	100000003	0.557491
milc_409B	3227419	100000003	0.580153
milc_744B	2797764	100000003	0.678676
omnetpp_17B	1741424	100000003	0.462664
omnetpp_340B	3021186	100000000	0.252912
omnetpp_4B	2257653	100000001	0.375143
perlbench_105B	23943	100000000	0.410569
perlbench_135B	61783	100000003	0.399072
perlbench_53B	44933	100000000	0.39754
soplex_205B	4433002	100000003	0.358885
soplex_217B	4055496	100000000	0.374831
soplex_66B	3475991	100000003	0.399233
sphinx3_1339B	756834	100000000	1.04506
sphinx3_2520B	601291	100000003	1.22409
sphinx3_883B	1102706	100000000	0.873547
wrf_1212B	98825	100000002	0.565159
wrf_1228B	1043269	100000000	0.781468
wrf_1650B	953321	100000000	0.683006
zeusmp_100B	769810	100000003	1.41745
zeusmp_300B	341384	100000002	1.35703
zeusmp_600B	364222	100000001	1.29376
