GemsFDTD_109B	3531221	100000001	0.369725
GemsFDTD_712B	3879457	100000003	0.347393
GemsFDTD_716B	1441792	100000001	0.397481
astar_163B	226309	100000000	0.491518
astar_23B	242363	100000000	0.316511
astar_313B	4292221	100000001	0.12781
bzip2_183B	133421	100000003	0.747117
bzip2_259B	279490	100000002	0.814798
bzip2_281B	227528	100000000	0.829212
cactusADM_1039B	806101	100000003	0.41499
cactusADM_1495B	764742	100000003	0.426708
cactusADM_734B	799969	100000000	0.407415
calculix_2655B	191805	100000003	1.48839
calculix_2670B	1887	100000001	2.07426
calculix_3812B	87134	100000003	1.46183
gcc_13B	1726762	100000001	0.235663
gcc_39B	24641	100000001	0.723638
gcc_56B	54131	100000003	0.733338
lbm_1004B	4289733	100000001	0.557539
lbm_564B	4411512	100000003	0.544395
lbm_94B	4071797	100000000	0.578352
leslie3d_1116B	2724093	100000002	0.500905
leslie3d_1186B	2307717	100000000	0.49579
leslie3d_94B	3321057	100000000	0.46426
libquantum_1210B	3790487	100000003	0.347127
libquantum_1735B	3689732	100000001	0.381479
libquantum_964B	4710143	100000001	0.44501
mcf_158B	6225693	100000002	0.092377
mcf_250B	6826557	100000000	0.0842952
mcf_46B	6058270	100000001	0.115683
milc_360B	2773288	100000003	0.439855
milc_409B	2612241	100000003	0.433609
milc_744B	2369862	100000003	0.516238
omnetpp_17B	411551	100000003	0.458131
omnetpp_340B	1968015	100000000	0.235264
omnetpp_4B	279840	100000001	0.368753
perlbench_105B	19882	100000000	0.40945
perlbench_135B	23586	100000003	0.395905
perlbench_53B	21474	100000000	0.394449
soplex_205B	3316356	100000003	0.282747
soplex_217B	3128828	100000000	0.286746
soplex_66B	2487925	100000002	0.323206
sphinx3_1339B	450715	100000002	0.757624
sphinx3_2520B	339601	100000002	0.909127
sphinx3_883B	740522	100000000	0.614987
wrf_1212B	96704	100000000	0.553272
wrf_1228B	1036901	100000000	0.59763
wrf_1650B	928548	100000003	0.429668
zeusmp_100B	669019	100000003	1.13967
zeusmp_300B	326264	100000002	1.08306
zeusmp_600B	366700	100000001	1.02647
