GemsFDTD_109B	4358987	100000001	0.607433
GemsFDTD_712B	4911837	100000003	0.604608
GemsFDTD_716B	2465632	100000000	0.439957
astar_163B	330289	100000001	0.495664
astar_23B	800703	100000000	0.316488
astar_313B	7166726	100000001	0.132902
bzip2_183B	611533	100000003	0.701546
bzip2_259B	783106	100000002	0.829123
bzip2_281B	703736	100000000	0.788885
cactusADM_1039B	975717	100000003	0.468345
cactusADM_1495B	914237	100000003	0.4828
cactusADM_734B	969068	100000000	0.458513
calculix_2655B	414519	100000000	1.8824
calculix_2670B	2130	100000001	2.07905
calculix_3812B	352808	100000000	1.68095
gcc_13B	2338892	100000001	0.261483
gcc_39B	37544	100000001	0.72505
gcc_56B	166390	100000003	0.733499
lbm_1004B	5016221	100000001	0.62423
lbm_564B	5236724	100000003	0.60312
lbm_94B	4785333	100000000	0.644316
leslie3d_1116B	3048050	100000001	0.712663
leslie3d_1186B	2790627	100000001	0.693114
leslie3d_94B	3773019	100000000	0.626271
libquantum_1210B	3917802	100000001	0.481445
libquantum_1735B	3739650	100000000	0.517118
libquantum_964B	4775391	100000003	0.553176
mcf_158B	14508601	100000002	0.0939939
mcf_250B	17522499	100000000	0.0944509
mcf_46B	13243849	100000001	0.109836
milc_360B	3442970	100000003	0.557138
milc_409B	3256887	100000003	0.579409
milc_744B	2831129	100000003	0.678457
omnetpp_17B	2562349	100000003	0.437294
omnetpp_340B	3372369	100000000	0.244698
omnetpp_4B	3445866	100000001	0.350526
perlbench_105B	28508	100000000	0.410114
perlbench_135B	170966	100000003	0.390604
perlbench_53B	156550	100000000	0.389591
soplex_205B	5601539	100000003	0.330099
soplex_217B	5530927	100000000	0.340548
soplex_66B	4449608	100000003	0.370972
sphinx3_1339B	1078379	100000002	0.959739
sphinx3_2520B	902219	100000003	1.14505
sphinx3_883B	1288140	100000000	0.823768
wrf_1212B	106727	100000002	0.565013
wrf_1228B	1194538	100000000	0.76623
wrf_1650B	996590	100000000	0.681274
zeusmp_100B	767185	100000003	1.42159
zeusmp_300B	356804	100000002	1.34673
zeusmp_600B	369759	100000001	1.29242
