GemsFDTD_109B	4280766	100000000	0.608464
GemsFDTD_712B	4906082	100000003	0.605382
GemsFDTD_716B	2469978	100000000	0.434825
astar_163B	299881	100000001	0.495788
astar_23B	335006	100000000	0.339198
astar_313B	5993036	100000001	0.139568
bzip2_183B	148337	100000003	0.770881
bzip2_259B	306834	100000002	0.916313
bzip2_281B	286543	100000000	0.900093
cactusADM_1039B	827849	100000003	0.470216
cactusADM_1495B	772964	100000003	0.484504
cactusADM_734B	833646	100000000	0.460012
calculix_2655B	348818	100000000	1.91185
calculix_2670B	2130	100000001	2.07905
calculix_3812B	230926	100000000	1.76315
gcc_13B	2208348	100000001	0.264106
gcc_39B	35444	100000001	0.725208
gcc_56B	73943	100000003	0.742118
lbm_1004B	4972083	100000001	0.627758
lbm_564B	5296469	100000003	0.605008
lbm_94B	4755671	100000000	0.652381
leslie3d_1116B	2909927	100000002	0.723812
leslie3d_1186B	2748700	100000000	0.697825
leslie3d_94B	3784425	100000000	0.62755
libquantum_1210B	3815136	100000001	0.483331
libquantum_1735B	3671575	100000000	0.52017
libquantum_964B	4639494	100000003	0.557354
mcf_158B	11972320	100000002	0.106066
mcf_250B	14047291	100000000	0.117337
mcf_46B	10869062	100000001	0.120682
milc_360B	3419710	100000003	0.557491
milc_409B	3227419	100000003	0.580161
milc_744B	2797764	100000003	0.678677
omnetpp_17B	1743455	100000003	0.462637
omnetpp_340B	3042373	100000000	0.252807
omnetpp_4B	2257638	100000001	0.374855
perlbench_105B	23943	100000000	0.410569
perlbench_135B	62495	100000003	0.399036
perlbench_53B	44923	100000000	0.397547
soplex_205B	4406881	100000003	0.359108
soplex_217B	4038335	100000000	0.375408
soplex_66B	3481675	100000003	0.398307
sphinx3_1339B	758512	100000000	1.0464
sphinx3_2520B	598665	100000003	1.22477
sphinx3_883B	1101331	100000000	0.872483
wrf_1212B	98825	100000002	0.565159
wrf_1228B	1043171	100000000	0.78142
wrf_1650B	953333	100000000	0.682983
zeusmp_100B	769932	100000003	1.41711
zeusmp_300B	341385	100000002	1.35702
zeusmp_600B	364222	100000001	1.29376
