GemsFDTD_109B	3804338	100000001	0.612755
GemsFDTD_712B	4320247	100000003	0.612147
GemsFDTD_716B	2304986	100000000	0.447152
astar_163B	189559	100000001	0.500237
astar_23B	297224	100000000	0.339715
astar_313B	6044793	100000001	0.137112
bzip2_183B	145078	100000003	0.769469
bzip2_259B	307785	100000002	0.913533
bzip2_281B	241098	100000000	0.894641
cactusADM_1039B	856927	100000003	0.469723
cactusADM_1495B	805463	100000003	0.48421
cactusADM_734B	852571	100000000	0.459556
calculix_2655B	149477	100000000	2.06702
calculix_2670B	2130	100000001	2.07905
calculix_3812B	87169	100000000	1.8364
gcc_13B	2191676	100000001	0.261277
gcc_39B	35028	100000001	0.725213
gcc_56B	73492	100000003	0.742092
lbm_1004B	4501660	100000001	0.615595
lbm_564B	4687024	100000003	0.595583
lbm_94B	4287004	100000000	0.637932
leslie3d_1116B	2726692	100000001	0.721601
leslie3d_1186B	2347556	100000000	0.712021
leslie3d_94B	3245588	100000000	0.63975
libquantum_1210B	3739316	100000001	0.475892
libquantum_1735B	3529556	100000000	0.51185
libquantum_964B	4490967	100000001	0.53941
mcf_158B	10929417	100000002	0.108208
mcf_250B	12264008	100000000	0.125533
mcf_46B	10340935	100000001	0.120921
milc_360B	3252918	100000003	0.555012
milc_409B	3043752	100000003	0.576593
milc_744B	2655633	100000003	0.673612
omnetpp_17B	1915820	100000003	0.455561
omnetpp_340B	2745186	100000000	0.254509
omnetpp_4B	2160736	100000001	0.372504
perlbench_105B	23936	100000000	0.41057
perlbench_135B	54469	100000003	0.399005
perlbench_53B	41790	100000000	0.397501
soplex_205B	4078406	100000003	0.363257
soplex_217B	3871841	100000000	0.37569
soplex_66B	3288306	100000003	0.400647
sphinx3_1339B	694575	100000000	1.06455
sphinx3_2520B	431655	100000003	1.26089
sphinx3_883B	1057179	100000000	0.875312
wrf_1212B	94102	100000002	0.565174
wrf_1228B	1001956	100000000	0.775911
wrf_1650B	923071	100000000	0.680699
zeusmp_100B	688433	100000003	1.43565
zeusmp_300B	324699	100000002	1.35742
zeusmp_600B	356508	100000001	1.28908
