GemsFDTD_109B	4073842	100000001	0.610509
GemsFDTD_712B	4644718	100000003	0.609079
GemsFDTD_716B	2300545	100000000	0.447026
astar_163B	216575	100000001	0.499201
astar_23B	301474	100000000	0.33965
astar_313B	6169529	100000001	0.137216
bzip2_183B	146243	100000003	0.76966
bzip2_259B	311620	100000002	0.915021
bzip2_281B	243452	100000000	0.895622
cactusADM_1039B	840068	100000003	0.469781
cactusADM_1495B	786690	100000003	0.484441
cactusADM_734B	832607	100000000	0.459673
calculix_2655B	175649	100000000	2.03468
calculix_2670B	2130	100000001	2.07905
calculix_3812B	96149	100000000	1.82411
gcc_13B	2199417	100000001	0.262582
gcc_39B	35287	100000001	0.725213
gcc_56B	73509	100000003	0.742119
lbm_1004B	4415831	100000001	0.631289
lbm_564B	4653045	100000003	0.606799
lbm_94B	4210035	100000000	0.655421
leslie3d_1116B	2768936	100000001	0.727457
leslie3d_1186B	2416669	100000000	0.713763
leslie3d_94B	3404661	100000000	0.639666
libquantum_1210B	3889348	100000001	0.478229
libquantum_1735B	3680836	100000000	0.514101
libquantum_964B	4703478	100000003	0.544907
mcf_158B	11045429	100000002	0.109085
mcf_250B	12753961	100000000	0.125141
mcf_46B	10382293	100000001	0.121644
milc_360B	3351238	100000003	0.557166
milc_409B	3141472	100000003	0.579365
milc_744B	2753795	100000003	0.676716
omnetpp_17B	1778100	100000003	0.460335
omnetpp_340B	2820115	100000000	0.255223
omnetpp_4B	2097637	100000001	0.374779
perlbench_105B	23939	100000000	0.41057
perlbench_135B	55697	100000003	0.398988
perlbench_53B	42231	100000000	0.397531
soplex_205B	4093788	100000003	0.364752
soplex_217B	3860507	100000000	0.378327
soplex_66B	3294599	100000003	0.402157
sphinx3_1339B	696076	100000000	1.06589
sphinx3_2520B	446954	100000003	1.25704
sphinx3_883B	1032345	100000000	0.890701
wrf_1212B	96694	100000002	0.565153
wrf_1228B	1017913	100000000	0.779666
wrf_1650B	943404	100000000	0.681487
zeusmp_100B	737356	100000003	1.42625
zeusmp_300B	335738	100000002	1.35673
zeusmp_600B	362478	100000001	1.29115
