GemsFDTD_109B	4263911	100000001	0.609444
GemsFDTD_712B	4902538	100000003	0.605501
GemsFDTD_716B	2343011	100000000	0.444514
astar_163B	286848	100000001	0.496659
astar_23B	319740	100000000	0.339343
astar_313B	5941186	100000001	0.140151
bzip2_183B	148378	100000003	0.770665
bzip2_259B	305295	100000002	0.916309
bzip2_281B	284543	100000000	0.899654
cactusADM_1039B	827898	100000003	0.470089
cactusADM_1495B	771494	100000003	0.484523
cactusADM_734B	833887	100000000	0.459941
calculix_2655B	336018	100000000	1.94822
calculix_2670B	2130	100000001	2.07905
calculix_3812B	210361	100000000	1.77035
gcc_13B	2202598	100000001	0.264118
gcc_39B	35444	100000001	0.725208
gcc_56B	73730	100000003	0.742112
lbm_1004B	4713428	100000001	0.630901
lbm_564B	4895933	100000003	0.617806
lbm_94B	4483002	100000000	0.659234
leslie3d_1116B	2884620	100000001	0.724773
leslie3d_1186B	2662057	100000000	0.702449
leslie3d_94B	3643270	100000000	0.632491
libquantum_1210B	3814795	100000001	0.483346
libquantum_1735B	3671501	100000000	0.520235
libquantum_964B	4640403	100000003	0.557125
mcf_158B	11819051	100000002	0.107961
mcf_250B	13747472	100000000	0.121787
mcf_46B	10776802	100000001	0.120723
milc_360B	3419710	100000003	0.557491
milc_409B	3227407	100000003	0.580164
milc_744B	2797764	100000003	0.678676
omnetpp_17B	1735530	100000003	0.463176
omnetpp_340B	2995322	100000000	0.2541
omnetpp_4B	2254821	100000001	0.374869
perlbench_105B	23943	100000000	0.410569
perlbench_135B	61702	100000003	0.399041
perlbench_53B	43444	100000000	0.397581
soplex_205B	4364594	100000003	0.361069
soplex_217B	4017201	100000000	0.376066
soplex_66B	3375373	100000003	0.402925
sphinx3_1339B	757335	100000000	1.04649
sphinx3_2520B	597512	100000003	1.22449
sphinx3_883B	1097463	100000000	0.874757
wrf_1212B	98825	100000002	0.565159
wrf_1228B	1040486	100000000	0.781482
wrf_1650B	951991	100000000	0.68304
zeusmp_100B	768783	100000003	1.41912
zeusmp_300B	339863	100000002	1.35866
zeusmp_600B	364223	100000001	1.29387
