GemsFDTD_109B	3445029	100000000	0.613401
GemsFDTD_712B	3865294	100000003	0.613855
GemsFDTD_716B	2302567	100000000	0.447525
astar_163B	171971	100000001	0.500448
astar_23B	294309	100000000	0.339738
astar_313B	5740823	100000001	0.136264
bzip2_183B	143699	100000003	0.768969
bzip2_259B	302827	100000002	0.911725
bzip2_281B	234883	100000000	0.893576
cactusADM_1039B	889799	100000003	0.469311
cactusADM_1495B	843643	100000003	0.483693
cactusADM_734B	889270	100000000	0.459163
calculix_2655B	137479	100000000	2.08148
calculix_2670B	2130	100000001	2.07905
calculix_3812B	82135	100000000	1.84451
gcc_13B	2134425	100000001	0.26022
gcc_39B	34532	100000001	0.725238
gcc_56B	73348	100000003	0.74209
lbm_1004B	4192013	100000001	0.599233
lbm_564B	4381544	100000003	0.579094
lbm_94B	4000384	100000000	0.619978
leslie3d_1116B	2651960	100000001	0.714581
leslie3d_1186B	2250970	100000000	0.710526
leslie3d_94B	3034854	100000000	0.638605
libquantum_1210B	3488556	100000001	0.471699
libquantum_1735B	3274776	100000000	0.505261
libquantum_964B	4113423	100000003	0.528873
mcf_158B	10828704	100000002	0.107311
mcf_250B	11843720	100000000	0.124905
mcf_46B	10298518	100000001	0.120179
milc_360B	3076925	100000003	0.551839
milc_409B	2838676	100000003	0.572189
milc_744B	2490706	100000003	0.668236
omnetpp_17B	2285776	100000003	0.443127
omnetpp_340B	2659712	100000000	0.253793
omnetpp_4B	2435271	100000001	0.365824
perlbench_105B	23930	100000000	0.41057
perlbench_135B	51925	100000003	0.398926
perlbench_53B	40889	100000000	0.397496
soplex_205B	4054867	100000003	0.360196
soplex_217B	3877382	100000000	0.372974
soplex_66B	3276705	100000003	0.398158
sphinx3_1339B	757017	100000002	1.04229
sphinx3_2520B	446736	100000003	1.25699
sphinx3_883B	1201578	100000000	0.838519
wrf_1212B	89347	100000002	0.565183
wrf_1228B	1009295	100000000	0.766811
wrf_1650B	880070	100000000	0.679864
zeusmp_100B	619246	100000003	1.44478
zeusmp_300B	303203	100000002	1.36277
zeusmp_600B	343688	100000001	1.28682
